1 6248 5294
2 6178 2991
3 6233 5420
4 4116 4225
5 2360 4809
6 84 4787
7 4672 1791
8 1300 7375
9 59 1282
10 3512 3891
11 7389 6852
12 5926 5565
13 1117 3483
14 7559 5748
15 4777 4754
16 6261 4164
17 1927 4966
18 2052 7344
19 1598 3871
20 2225 2533
21 4828 4331
22 1174 468
23 5126 5778
24 3085 7054
25 7142 4201
26 7581 3088
27 6988 4665
28 5743 6902
29 3467 2927
30 7749 4222
31 2237 2776
32 1518 899
33 722 12
34 1162 3471
35 6102 6169
36 6220 5536
37 1722 7776
38 4813 2550
39 4839 1
40 6768 211
41 3913 1997
42 597 809
43 4556 4537
44 2545 2557
45 1481 1200
46 7639 6958
47 4680 6010
48 1487 7729
49 1881 5321
50 3659 471
51 5800	1532
52 2827	7396
53 2299	1680
54 4170	5421
55 6018	7302
56 7416	7432
57 3984 2690
58 481 7459
59 1656 6273
60 5963 6045
61 3244 5763
62 5527 153
63 1234 0
64 4552 4507
65 5373 2089
66 4499 2918
67 4437 2423
68 1573 362
69 5715 7564
70 5217 3259
71 6059 6167
72 2018 5439
73 5162 1194
74 4491 3431
75 990 7479
76 2231 3762
77 276 6352
78 1619 971
79 849 927
80 1247 5115
81 2108 5039
82 58 2360
83 4953 5567
84 5828 5630
85 4446 702
86 6073 3377
87 1880 5925
88 91 3068
89 435 5521
90 6590 3888
91 1915 1970
92 1581 1311
93 7017 5267
94 6429 6771
95 3184 222
96 4577 5981
97 365 6700
98 3490 557
99 1197 4987
100 2838 1847
101 2997 528
102 1524 1858
103 342 7066
104 7575 1644
105 2638 902
106 5957 1905
107 6446 3276
108 6242 2407
109 305 1630
110 7821 1440
111 3514 3740
112 3607 6947
113 44 2312
114 4580 4995
115 4670 7604
116 987 2258
117 5096 4182
118 5250 5822
119 149 5978
120 3608 6652
121 5036 6338
122 6216 5563
123 5102 5636
124 7972 6352
125 787 6908
126 6448 6264
127 580 4387
128 7589 1563
129 7501 366
130 2578 2362
131 3163 5491
132 5215 436
133 926 3323
134 5319 6247
135 1009 58
136 5063 77
137 6386 3068
138 2955 5928
139 2368 715
140 7328 6815
141 301 1909
142 7770 3969
143 7261 77
144 392 6164
145 1890 1712
146 5720 7168
147 894 1214
148 737 4114
149 1960 6325
150 4929 7078
151 7552 4189
152 2993 2284
153 4514 1810
154 1390 5800
155 1657 172
156 3899 5796
157 7325 6105
158 445 6695
159 7201 5883
160 5108 5532
161 739 6894
162 1503 1730
163 1600 4730
164 3752 7240
165 6789 3404
166 799 2978
167 5701 7694
168 5902 7701
169 1552 2278
170 4655 3097
171 7704 5434
172 164 6099
173 2106 2845
174 4391 5483
175 2249 5969
176 5067 1950
177 5164 5034
178 784 5860
179 3710 6039
180 5595 6083
181 597 3498
182 2459 120
183 4652 7640
184 6854 6858
185 2812 7515
186 3478 6669
187 4606 7562
188 1388 326
189 7812 7022
190 4796 3595
191 686 5960
192 1336 5859
193 7832 920
194 6987 5082
195 5400 4271
196 3563 368
197 7626 7860
198 3442 4223
199 663 2255
200 1923 1976
201 1706 1067
202 2082 1461
203 7364 5815
204 6774 5034
205 3434 4804
206 7635 1940
207 5594 903
208 3610 3507
209 3623 2387
210 3489 2165
211 446 6858
212 6896 3920
213 2776 3580
214 1000 4690
215 428 2470
216 5928 1408
217 6834 7348
218 5349 772
219 7892 156
220 7997 4812
221 2969 6592
222 1538 5523
223 6411 241
224 7458 694
225 2638 499
226 4184 7661
227 5464 6992
228 2732 3065
229 2925 4005
230 3121 1026
231 2518 1125
232 2446 4395
233 973	4097
234 6417 3500
235 4436 4216
236 3714 5076
237 840	5227
238 3072 381
239 5134 7304
240 1352 1403
241 6774 4713
242 4797 499
243 3724 1075
244 5331 3527
245 1547 743
246 6836 935
247 7850 6186
248 5768 1675
249 2513 4273
250 940	3506
251 5605 304
252 2971 1188
253 2480 473
254 3387 3915
255 6572 3479
256 6696 778
257 2509 6375
258 649	7921
259 1340 1846
260 7708 4695
261 1588 4844
262 242 1928
263 2156 971
264 4166 4821
265 7187 2985
266 7297 6794
267 5740 3668
268 5865 4947
269 646 648
270 7471 7527
271 3817 4092
272 3069 3493
273 5269 3805
274 5125 174
275 2467 6036
276 5858 32
277 2885 2685
278 2956 7700
279 4399 5425
280 7838 2348
281 6088 1966
282 2140 4891
283 2522 6087
284 3245 6692
285 360 806
286 2136 3301
287 2006 2512
288 3138 7090
289 6437 5
290 396 1954
291 2542 1144
292 3419 1329
293 7685 4270
294 1622 3193
295 3946 1435
296 6889 2669
297 682 3225
298 4740 5616
299 5096 6212
300 6990 6644
301 2306 212
302 1213 6882
303 4366 3403
304 1192 1552
305 4321 6547
306 5579 5919
307 714 5067
308 2212 6409
309 1312 2297
310 4392 4197
311 567 4703
312 6896 3467
313 7214 2028
314 1163 6741
315 2014 3052
316 7954 1783
317 368	1068
318 920	3668
319 5071 2361
320 3922 2666
321 6041 3215
322 297 956
323 291 3550
324 4119 5275
325 5873 3868
326 6106 1398
327 5582 2574
328 3229 3084
329 1369 3866
330 575 2988
331 4183 2677
332 7140 2359
333 7738 2124
334 6607 2661
335 1748 3624
336 4528 6762
337 4921 2624
338 2386 3464
339 2915 2210
340 5791 7965
341 7029 7886
342 6429 113
343 4489 3500
344 2767 3822
345 4621 1229
346 4146 218
347 5429 3931
348 1058 1999
349 2208 851
350 2541 358
351 4427 4929
352 2578 3174
353 5948 6383
354 198 3818
355 4107 3650
356 1817 3567
357 3786 4081
358 6391 538
359 2488 4412
360 166 4607
361 3380 1481
362 5800 7379
363 1674 2174
364 730 1025
365 3493 4725
366 2817 2082
367 6600 1627
368 309 771
369 7160 446
370 6042 6983
371 596 5541
372 6229 3674
373 7807 1001
374 1961 3384
375 4364 7388
376 5799 6708
377 5828 813
378 2206 7293
379 2348 3977
380 1760 2529
381 2993 26
382 6602 4396
383 7133 3030
384 1371 1815
385 2197 1349
386 4031 1849
387 6185 7333
388 548 1060
389 4881 3255
390 3119 7574
391 2431 6729
392 5916 6741
393 1490 1819
394 7271 649
395 183 5734
396 106 7025
397 6126 3628
398 4851 397
399 7647 7430
400 6239 4524
401 3731 1844
402 5794 3953
403 7743 4672
404 5075 5253
405 3543 6540
406 7819 839
407 1612 2053
408 7979 359
409 6665 7230
410 157 4704
411 5512 3644
412 7060 6512
413 2673 7328
414 2122 344
415 6030 4906
416 1720 7367
417 891	3097
418 4133 2616
419 1114 4503
420 2736 2518
421 6883 3137
422 2574 3590
423 5071 6102
424 2082 2169
425 6831 6314
426 3270 7166
427 6206 2866
428 4593 545
429 2072 3949
430 5801 1060
431 4195 3187
432 7265 3486
433 4416 5279
434 5451 991
435 6415 2879
436 60 3982
437 2458 7753
438 1948 1439
439 297	2705
440 4583 56
441 7918 1568
442 3562 7964
443 2524 5411
444 110 2234
445 1111 3629
446 3105 3894
447 4801 382
448 3267 5703
449 7574 814
450 2855 6338
451 5683 5587
452 5665 1753
453 3084 3171
454 7231 3033
455 1844 3425
456 57 5943
457 6616 619
458 3488 6864
459 1333 2421
460 7583 3559
461 6289 7885
462 2241 7259
463 992 2475
464 2508 4971
465 6869 89
466 6310 6388
467 6726 4139
468 4522 1422
469 1966 6279
470 678 5569
471 4127 5309
472 1686 7657
473 1535 2441
474 952 3619
475 6852 1797
476 5711 7654
477 2720 1946
478 3229 193
479 6718 799
480 6920 4688
481 647 3723
482 7379 5556
483 3587 2968
484 7854 4986
485 5019 1237
486 2374 1475
487 1594 3372
488 2232 7916
489 4288 5408
490 7885 4756
491 7451 1851
492 1613 6290
493 3847 976
494 2624 152
495 2807 4825
496 3470 4102
497 4564 3286
498 1431 4593
499 4754 5965
500 302	704